Time=0.56515
X[0..4]= 0.0002003 8.188e-05 0.0002285 0.0002603 0.0001223
