Time=0.127957
X[0..4]= 0.0003064 9.527e-07 0.0003443 0.0001577 3.088e-05
