Time=0.062304
X[0..4]= 0.0005559 0.0009795 0.000509 0.0004947 0.00108
