Time=2.46953
X[0..4]= 0.0006735 0.0008829 0.0007234 0.0003478 0.0006082
