Time=0.156143
X[0..4]= 0.0003057 4.039e-07 0.0003443 0.0001578 3.114e-05
