Time=0.493986
X[0..4]= 0.0002004 8.195e-05 0.0002286 0.0002602 0.0001224
