Time=0.377901
X[0..4]= 0.0003212 4.621e-05 0.0002758 0.0003333 5.938e-05
