Time=0.549497
X[0..4]= 0.0002003 8.182e-05 0.0002285 0.0002602 0.0001223
