Time=0.650573
X[0..4]= 0.0002002 8.174e-05 0.0002284 0.0002601 0.0001222
