Time=0.356463
X[0..4]= 0.0003215 4.661e-05 0.0002759 0.0003338 5.922e-05
