Time=0.442983
X[0..4]= 0.0003067 1.49e-06 0.0003442 0.0001575 3.178e-05
