Time=0.436992
X[0..4]= 0.0001761 6.748e-05 0.0001135 0.0001092 1.392e-05
