Time=0.127879
X[0..4]= 0.0003059 9.253e-07 0.0003444 0.0001577 3.079e-05
