Time=0.0657979
X[0..4]= 0.0008542 0.0007418 0.0007447 0.0004673 0.0001155
