Time=0.0628057
X[0..4]= 0.000564 0.0009891 0.0005167 0.0005025 0.001089
