Time=0.510939
X[0..4]= 0.0003226 4.78e-05 0.000277 0.0003352 6.045e-05
