Time=0.0653514
X[0..4]= 0.0005737 0.0009977 0.0005258 0.0005111 0.001098
