Time=0.191074
X[0..4]= 0.0003817 0.0002576 0.0002384 0.0004512 0.0004127
