Time=0.461405
X[0..4]= 0.0003221 4.68e-05 0.000276 0.0003344 5.988e-05
