Time=0.625281
X[0..4]= 0.0001999 8.127e-05 0.0002281 0.0002597 0.0001217
