Time=1.76993
X[0..4]= 0.0002005 8.187e-05 0.0002283 0.0002601 0.0001225
