Time=0.166904
X[0..4]= 0.0005008 3.241e-05 0.0001002 0.0003081 0.0002004
