Time=0.576322
X[0..4]= 0.0003213 4.644e-05 0.0002759 0.0003339 5.938e-05
