Time=0.0333412
X[0..4]= 0.0005701 0.0009936 0.000522 0.0005073 0.001092
