Time=0.172505
X[0..4]= 0.0003077 1.236e-06 0.0003455 0.0001589 3.268e-05
