Time=0.632809
X[0..4]= 0.0002003 8.168e-05 0.0002284 0.0002599 0.0001224
