Time=4.84575
X[0..4]= 0.0004977 2.949e-05 9.762e-05 0.0003046 0.0001976
