Time=0.62313
X[0..4]= -5.842e-07 0.000137 0.0002494 3.717e-05 8.906e-06
