Time=0.197577
X[0..4]= 0.0004814 0.0002449 0.0001886 0.0001448 6.305e-05
