Time=4.41395
X[0..4]= 0.000498 2.975e-05 9.791e-05 0.0003049 0.0001979
