Time=0.424007
X[0..4]= 0.0003217 4.687e-05 0.0002759 0.0003346 6.004e-05
