Time=0.29088
X[0..4]= 0.0003222 4.719e-05 0.0002767 0.0003346 6.027e-05
