Time=0.211546
X[0..4]= 0.0003821 0.0002575 0.0002386 0.0004517 0.0004131
