Time=0.503591
X[0..4]= 0.0003227 4.795e-05 0.0002775 0.0003355 6.082e-05
