Time=0.213096
X[0..4]= 0.0003066 1.348e-06 0.0003449 0.0001576 3.181e-05
