Time=0.292628
X[0..4]= 0.000322 4.7e-05 0.0002765 0.0003343 5.998e-05
