Time=2.75215
X[0..4]= 0.0005602 0.0009836 0.0005116 0.0004967 0.001083
