Time=0.256158
X[0..4]= 0.0003063 1.099e-06 0.0003444 0.0001572 3.169e-05
