Time=0.128721
X[0..4]= 0.0003066 9.376e-07 0.0003444 0.0001576 3.111e-05
