Time=0.718159
X[0..4]= -6.055e-07 0.000137 0.0002493 3.696e-05 8.947e-06
