Time=0.602555
X[0..4]= -5.687e-07 0.0001369 0.0002493 3.699e-05 8.904e-06
