Time=0.401282
X[0..4]= 0.000321 4.613e-05 0.0002754 0.0003333 5.914e-05
