Time=0.0574049
X[0..4]= 0.0008731 0.0007578 0.0007613 0.0004843 0.0001335
