Time=6.66143
X[0..4]= 0.0003208 4.578e-05 0.0002752 0.000333 5.877e-05
