Time=0.413179
X[0..4]= 0.0003212 4.639e-05 0.0002757 0.0003336 5.94e-05
