Time=0.188097
X[0..4]= 0.0005005 3.22e-05 0.0001006 0.0003075 0.0002006
