Time=0.999548
X[0..4]= 0.0003214 4.641e-05 0.0002756 0.0003338 5.928e-05
