Time=3.07806
X[0..4]= 0.0005591 0.000983 0.0005108 0.0004961 0.001082
