Time=4.76207
X[0..4]= 0.0004792 0.000242 0.0001858 0.0001423 6.009e-05
