Time=1.08997
X[0..4]= 0.0002005 8.174e-05 0.0002285 0.00026 0.0001224
