Time=0.046967
X[0..4]= 0.0005711 0.0009947 0.0005223 0.0005081 0.001095
