Time=0.294612
X[0..4]= 0.0003221 4.718e-05 0.0002764 0.0003346 6.024e-05
