Time=0.646444
X[0..4]= 0.0002002 8.174e-05 0.0002283 0.0002599 0.0001222
