Time=0.495339
X[0..4]= 0.0002002 8.17e-05 0.0002285 0.00026 0.0001223
