Time=8.65145
X[0..4]= 1.377e-05 7.646e-05 0.0001482 0.0001986 -1.109e-05
