Time=0.705897
X[0..4]= 0.0001998 8.121e-05 0.0002281 0.0002597 0.0001217
