Time=0.157312
X[0..4]= 0.0003071 1.612e-06 0.0003448 0.0001584 3.2e-05
