Time=0.504298
X[0..4]= 0.0003226 4.776e-05 0.0002772 0.0003352 6.066e-05
