Time=7.85148
X[0..4]= 0.0001981 7.95e-05 0.0002262 0.0002578 0.0001201
