Time=6.68916
X[0..4]= 0.0003209 4.587e-05 0.0002752 0.000333 5.875e-05
