Time=6.33337
X[0..4]= 0.0003207 4.574e-05 0.000275 0.0003329 5.867e-05
