Time=0.0636012
X[0..4]= 0.0005541 0.000978 0.0005066 0.0004918 0.001079
