Time=0.624483
X[0..4]= 0.0002003 8.182e-05 0.0002285 0.0002601 0.0001224
