Time=0.0668242
X[0..4]= 0.0006813 0.0008941 0.0007327 0.000357 0.0006189
