Time=0.205285
X[0..4]= 0.0003818 0.0002575 0.0002385 0.0004517 0.0004133
