Time=0.0654729
X[0..4]= 0.0005563 0.0009805 0.00051 0.0004939 0.001081
