Time=0.0650914
X[0..4]= 0.0008603 0.0007466 0.0007496 0.0004716 0.0001201
