Time=0.0571627
X[0..4]= 0.0005609 0.0009841 0.0005137 0.0004997 0.001082
