Time=0.710678
X[0..4]= 0.0002 8.152e-05 0.0002281 0.0002599 0.0001219
