Time=0.0635581
X[0..4]= 0.0004206 0.0009575 0.0006463 9.551e-05 0.0002317
