Time=0.0429531
X[0..4]= 0.0005711 0.0009944 0.0005229 0.0005076 0.001093
