Time=0.113233
X[0..4]= 0.000575 0.0009985 0.0005267 0.0005124 0.001099
