Time=8.21489
X[0..4]= 0.0001981 7.949e-05 0.0002262 0.0002578 0.0001199
